%YAML:1.0
---
type: IMU
name: BMX055-camera
Gyr:
   unit: " rad/s"
   avg-axis:
      gyr_n: 4.6452511507049264e-03
      gyr_w: 1.4526605886341245e-05
   x-axis:
      gyr_n: 2.9382014819069181e-03
      gyr_w: 1.3520280143366486e-05
   y-axis:
      gyr_n: 4.8132644722737690e-03
      gyr_w: 1.0854964288301907e-05
   z-axis:
      gyr_n: 6.1842874979340934e-03
      gyr_w: 1.9204573227355344e-05
Acc:
   unit: " m/s^2"
   avg-axis:
      acc_n: 5.7586713256138324e-02
      acc_w: 5.6123534902879793e-04
   x-axis:
      acc_n: 1.1025061931763117e-01
      acc_w: 1.1937163621621844e-03
   y-axis:
      acc_n: 2.9795108606993082e-02
      acc_w: 1.9957016766775749e-04
   z-axis:
      acc_n: 3.2714411843790717e-02
      acc_w: 2.9041951725645185e-04
